N    OP     RS Op1S Op2S JT OE ALU-OP WB SPO PCU PFR MR MW VS F P   Instruction

00 00000    0  00   00   00 0  0000   0  00  0   0   0  0  00 0 0   NOP
01 00001    0  00   00   00 0  0001   1  00  0   0   0  0  00 0 0   NOT
02 00010    0  00   00   00 0  0010   1  00  0   0   0  0  00 0 0   NEG
03 00011    0  00   00   00 0  0011   1  00  0   0   0  0  00 0 0   INC
04 00100    0  00   00   00 0  0100   1  00  0   0   0  0  00 0 0   DEC

05 00101    0  00   00   00 1  0000   1  00  0   0   0  0  01 0 0   OUT
06 00110    0  10   00   00 0  0000   1  00  0   0   0  0  01 0 0   IN

07 00111    1  00   00   00 0  0101   1  00  0   0   0  0  00 0 0   ADD
08 01000    1  00   00   00 0  0110   1  00  0   0   0  0  00 0 0   SUB
09 01001    1  00   00   00 0  0111   1  00  0   0   0  0  00 0 0   AND
10 01010    1  00   00   00 0  1000   1  00  0   0   0  0  00 0 0   OR
11 01011    1  00   00   00 0  1001   1  00  0   0   0  0  00 0 0   XOR
12 01100    1  00   00   00 0  1010   0  00  0   0   0  0  00 0 0   CMP
13 01101    1  00   01   00 0  0101   1  00  0   0   0  0  00 0 0   ADDI

14 01110    1  00   11   00 0  1011   1  00  0   0   0  0  00 0 0   BITSET
15 01111    1  00   11   00 0  1100   1  00  0   0   0  0  00 0 0   RCL
16 10000    1  00   11   00 0  1101   1  00  0   0   0  0  00 0 0   RCR

17 10001    0  00   00   00 0  0000   0  11  0   0   0  1  01 0 0   PUSH
18 10010    0  00   00   00 0  0000   1  10  0   0   1  0  00 0 0   POP

19 10011    0  00   01   00 0  0000   1  00  0   0   0  0  10 0 0   LDM
20 10100    0  11   00   00 0  0000   1  00  0   0   1  0  10 0 0   LDD
21 10101    0  11   10   00 0  0000   0  00  0   0   0  1  10 0 0   STD
22 10110    0  00   00   00 0  0000   0  00  0   0   0  0  00 0 1   PROTECT
23 10111    0  00   00   00 0  0000   0  00  0   0   0  0  00 1 0   FREE

24 11000    0  00   00   10 0  0000   0  00  0   0   0  0  00 0 0   JZ
25 11001    0  00   00   01 0  0000   0  00  0   0   0  0  00 0 0   JMP
26 11010    0  01   00   10 0  0000   0  11  0   0   0  1  01 0 0   CALL

27 11011    0  01   00   00 0  0000   0  11  0   0   0  1  01 0 0   PUSH-PC
28 11100    0  00   00   00 0  0000   0  11  0   0   0  1  11 0 0   PUSH-FR
29 11101    0  00   00   00 0  0000   0  10  1   0   1  1  00 0 0   POP-PC
30 11110    0  00   00   00 0  0000   0  10  0   1   1  1  00 0 0   POP-FR

31 11111    0  00   00   00 0  0000   0  00  0   0   0  0  00 0 0   NOP
