0000000000000000
0000000000000000
0000000000000000
0000000000000000
0000000000000000
0000000000000000
0000000000000000
0000000000000000
0010000000000000
0010000100000000
0011101000000100
1111000000000000
0000000000000000
0000000000000000
0000000000000000
0000000000000000
0001100000000000
0001100000000000
0001100000000000
0001100000000000
0001100000000000
0001100000000000
0001100000000000
0001100000000000
0001100000000000
0001100000000000
0001100000000000
0001100000000000
0001100000000000
0001100000000000
0001100000000000
0001100000000000
0001100000000000
0001100000000000
